01    A    12    12.50
02    M    17    13.99
03    B    11    18.75
04    L    16    17.55
05    T    9    03.99
06    I    4    09.99
07    T    3    02.55
08    P    22    02.99
09    C    1    11.99
10    H    6    17.50
11    O    14    14.50
12    M    8    23.99
13    B    3    08.75
14    L    9    17.55
15    T    11    03.99
16    I    13    09.99
17    T    8    02.60
18    P    4    78.99
19    C    1    11.99
20    H    8    15.50
21    A    5    12.50
22    M    3    13.99
23    B    5    18.75
24    L    5    17.55
25    T    8    03.99
26    I    7    09.99
27    T    11    02.55
28    P    4    02.99
29    C    24    11.99
30    H    8    17.50
31    O    5    14.50
32    M    36    23.99
33    B    5    08.75
34    L    5    17.55
35    T    40    03.99
36    I    7    09.99
37    T    60    02.60
38    P    4    78.99
39    C    18    11.99
40    H    8    15.50
